Card   1: 79 93 21 74 81 76 17 89  3  5 |  5 67 87 81 76 35 79 21 15 80  8 74 99 28  3 23 19 42 89 16 22 77 92 70 34
Card   2: 83 16 24 23 59 70 14 57 74 53 | 79 82 70 23 61 14 74 57 36 37 59 72 83 16  3  2 28 63 50 60 38 86 97 24 53
Card   3: 12 77 13 14 48 55 69  4 18 81 | 69  7 94 88 18 73 55 48 49 81 14 21 12 15  5 27 22 84 51 52 13 77  4 57 17
Card   4: 32 35 57 27 15  5 16 40 36 46 | 84 47 76 35 83  5 22 15 72 48 57 33 46 53 43 16 10 65 32 51 36 44 40 27 97
Card   5:  8 72 57 36 45 96  7 13 17 14 | 46 40  8  7 57 60 69 89 17 13 16 51 45 72 55 64 76 42 14 29 21  9 96 36 94
Card   6: 22 46 55  8 70 91 11 89 31  5 | 31 22 40 10 11 61 42 19 87 92 96 34 76 21 89 18 46  8 55 30 36 70 91 63  5
Card   7:  5 66 19 57 97 24 45 44 29 86 | 27  1 70 97 60 90 93 69 29 44 86 49 42 57 58 45 88 24  5 19 95 66 46 78 31
Card   8: 67  4 51 50 91 39 63 52 77 47 | 61 23 54 77 63 51 98 20 47 57 90  7 91 65 79 82 39 72 75 24 52 27 50 67  4
Card   9: 99 26  2 15 51 56 63 69 39 41 | 91 10 81 53 23 41 75 33  3 39  9 24  2  5 93 51 25 37 99 69 15  7 35 67 63
Card  10: 31 90 84 42 34 74 96 66 71 75 |  4 31 43 90 96 70 60 75  5 42 11  6 21 76  2 41 34 99 84 14 77 33 24 71 12
Card  11: 66 55 30 68 45  5 82 71 27 85 | 60 26 40  3 94 93  2 76  7 75 46 47 82 37  8 34 62 92 51 53 32 88 12 44 83
Card  12: 49 39 86 99 88  3 51 41 46 64 | 31 95 25 32 19 98  3 78 88 94 50 80  4 51 55 35 17 24 89 71 67 99  2 69 37
Card  13: 53 56 84  7 35  8 55 75 24 13 | 42 34 30 94 81 95 12 68 69 38 50 17 11 23 89 19 15 79 47 26 88 99 16 44 27
Card  14: 42 88 47 86 61 36 20 59 83 99 | 95 93 88  7 13 34 39 97  8 99 22 86 30 64 15  2 41 12 65 84 61 21 57 35 78